0.171236991882	-2913736	-2871013
0.221283912659	-2913736	-2871013
0.271280050278	-2913736	-2871013
0.321269035339	-2913736	-2871013
0.371262073517	-2913736	-2871013
0.421268939972	-2913736	-2871013
0.471297979355	-2913736	-2871013
0.521260976791	-2913736	-2871013
0.571262121201	-2913736	-2871013
0.621262073517	-2913736	-2871013
0.67128610611	-2913736	-2871013
0.721177101135	-2913736	-2871013
0.771130084991	-2913736	-2871013
0.821140050888	-2913736	-2871013
0.871268987656	-2913736	-2871013
0.921274900436	-2913736	-2871013
0.971246004105	-2913736	-2871013
1.02119112015	-2913736	-2871013
1.07121992111	-2913736	-2871013
1.12117910385	-2913736	-2871013
1.17120289803	-2913736	-2871013
1.22117209435	-2913736	-2871013
1.27120494843	-2913736	-2871013
1.32114911079	-2913736	-2871013
1.37115001678	-2913736	-2871013
1.42116999626	-2913736	-2871013
1.47117710114	-2913736	-2871013
1.52118492126	-2913736	-2871013
1.57115602493	-2913736	-2871013
1.62116789818	-2913736	-2871013
1.67116189003	-2913736	-2871013
1.72112703323	-2913736	-2871013
1.77118897438	-2913736	-2871013
1.8212249279	-2913736	-2871013
1.8711950779	-2913736	-2871013
1.92123889923	-2913736	-2871013
1.97119402885	-2913736	-2871013
2.02120995522	-2913736	-2871013
2.07118606567	-2913736	-2871013
2.12118697166	-2913736	-2871013
2.17118406296	-2913736	-2871013
2.22119307518	-2913736	-2871013
2.27118206024	-2913736	-2871013
2.32121610641	-2913736	-2871013
2.37117195129	-2913736	-2871013
2.42114090919	-2913736	-2871013
2.47117590904	-2913736	-2871013
2.52116394043	-2913736	-2871013
2.57123994827	-2913736	-2871013
2.62122797966	-2913736	-2871013
2.67124795914	-2913736	-2871013
2.72127699852	-2913736	-2871013
2.77128100395	-2913736	-2871013
2.82128310204	-2913736	-2871013
2.87127590179	-2913736	-2871013
2.92124795914	-2913736	-2871013
2.97125291824	-2913736	-2871013
3.02126407623	-2913736	-2871013
3.07130789757	-2913736	-2871013
3.12128210068	-2913736	-2871013
3.17128205299	-2913736	-2871013
3.22127389908	-2913736	-2871013
3.27127289772	-2913736	-2871013
3.32129311562	-2913736	-2871013
3.37128210068	-2913736	-2871013
3.4212949276	-2913736	-2871013
3.47128105164	-2913736	-2871013
3.5212790966	-2913736	-2871013
3.57128310204	-2913736	-2871013
3.62127804756	-2913736	-2871013
3.67128300667	-2913736	-2871013
3.72128009796	-2913736	-2871013
3.77128100395	-2913736	-2871013
3.82127690315	-2913736	-2871013
3.87127995491	-2913736	-2871013
3.9212770462	-2913736	-2871013
3.97128391266	-2913736	-2871013
4.02129602432	-2913736	-2871013
4.07126498222	-2913736	-2871013
4.12130403519	-2913736	-2871013
4.17130899429	-2913736	-2871013
4.22121191025	-2913736	-2871013
4.27123308182	-2913736	-2871013
4.3211979866	-2913736	-2871013
4.37125205994	-2913736	-2871013
4.42123508453	-2913736	-2871013
4.47119688988	-2913736	-2871013
4.5212469101	-2913736	-2871013
4.57125091553	-2913736	-2871013
4.62124609947	-2913750	-2871025
4.67126989365	-2913807	-2871090
4.72126793861	-2913876	-2871168
4.7712829113	-2913970	-2871277
4.8212749958	-2914077	-2871400
4.87119197845	-2914221	-2871564
4.92117595673	-2914355	-2871718
4.97118496895	-2914498	-2871886
5.02116894722	-2914644	-2872057
5.07118010521	-2914827	-2872266
5.12116599083	-2914989	-2872451
5.17118811607	-2915151	-2872637
5.22116208076	-2915313	-2872828
5.27120804787	-2915490	-2873041
5.32115101814	-2915632	-2873176
5.37119603157	-2915764	-2873232
5.42118096352	-2915880	-2873238
5.47125506401	-2915978	-2873213
5.52127695084	-2916057	-2873173
5.57127594948	-2916130	-2873124
5.62124896049	-2916209	-2873087
5.67129707336	-2916313	-2873129
5.72120094299	-2916420	-2873208
5.77130198479	-2916546	-2873299
5.82118201256	-2916682	-2873396
5.87118911743	-2916860	-2873537
5.92116689682	-2917023	-2873675
5.97118496895	-2917189	-2873823
6.02113890648	-2917363	-2873979
6.07116603851	-2917566	-2874174
6.12116599083	-2917742	-2874348
6.17130494118	-2917923	-2874527
6.22123098373	-2918106	-2874702
6.27118706703	-2918326	-2874908
6.32119703293	-2918516	-2875089
6.37113690376	-2918710	-2875273
6.42127394676	-2918908	-2875457
6.4712600708	-2919136	-2875668
6.52127695084	-2919334	-2875856
6.57128095627	-2919532	-2876046
6.62122607231	-2919727	-2876233
6.67121291161	-2919959	-2876459
6.72124195099	-2920158	-2876652
6.77121090889	-2920356	-2876848
6.82127809525	-2920556	-2877041
6.87128901482	-2920785	-2877270
6.92125296593	-2920978	-2877469
6.97126698494	-2921171	-2877665
7.02128005028	-2921366	-2877862
7.07127690315	-2921595	-2878087
7.12124800682	-2921788	-2878281
7.17127990723	-2921985	-2878477
7.22129511833	-2922186	-2878673
7.27127408981	-2922413	-2878896
7.32129502296	-2922610	-2879093
7.37127590179	-2922808	-2879292
7.42124509811	-2923006	-2879489
7.47129511833	-2923234	-2879718
7.52126502991	-2923433	-2879917
7.57125091553	-2923634	-2880118
7.62126398087	-2923828	-2880310
7.67119789124	-2924054	-2880543
7.72125792503	-2924248	-2880744
7.77128410339	-2924440	-2880938
7.82125806808	-2924634	-2881132
7.87125396729	-2924861	-2881358
7.92125606537	-2925053	-2881551
7.97125196457	-2925249	-2881747
8.0212700367	-2925446	-2881940
8.07129001617	-2925670	-2882164
8.12123394012	-2925864	-2882360
8.1712269783	-2926060	-2882557
8.22123408318	-2926255	-2882753
8.27125406265	-2926480	-2882980
8.3212249279	-2926676	-2883179
8.37123394012	-2926874	-2883378
8.42125296593	-2927066	-2883570
8.47127699852	-2927288	-2883800
8.52127695084	-2927481	-2884000
8.57128596306	-2927671	-2884192
8.62123203278	-2927864	-2884384
8.67123508453	-2928091	-2884611
8.72122907639	-2928284	-2884806
8.77122998238	-2928477	-2884999
8.82123208046	-2928672	-2885189
8.87124204636	-2928898	-2885416
8.92122912407	-2929086	-2885608
8.97124099731	-2929281	-2885804
9.02127790451	-2929476	-2886000
9.07125306129	-2929699	-2886225
9.12126708031	-2929895	-2886425
9.1712539196	-2930091	-2886622
9.22125697136	-2930285	-2886818
9.27125000954	-2930504	-2887046
9.32129406929	-2930696	-2887244
9.37125110626	-2930889	-2887440
9.42125296593	-2931077	-2887627
9.47125291824	-2931304	-2887856
9.52125692368	-2931497	-2888052
9.57125902176	-2931690	-2888244
9.62124109268	-2931885	-2888436
9.6712949276	-2932110	-2888663
9.72121810913	-2932299	-2888857
9.77127504349	-2932492	-2889052
9.82128500938	-2932687	-2889249
9.87130093575	-2932911	-2889476
9.92123889923	-2933107	-2889676
9.97125291824	-2933304	-2889874
10.0212500095	-2933498	-2890071
10.0712740421	-2933720	-2890304
10.1212520599	-2933912	-2890501
10.1712539196	-2934096	-2890690
10.2212560177	-2934263	-2890861
10.2712409496	-2934381	-2891052
10.3212559223	-2934416	-2891199
10.3712949753	-2934418	-2891315
10.4213089943	-2934400	-2891405
10.4713089466	-2934367	-2891500
10.5212841034	-2934342	-2891569
10.5712640285	-2934346	-2891650
10.6212580204	-2934421	-2891746
10.6712539196	-2934526	-2891887
10.7212510109	-2934628	-2892030
10.7712569237	-2934751	-2892189
10.8212559223	-2934894	-2892355
10.8712520599	-2935058	-2892549
10.9212560654	-2935185	-2892711
10.9712541103	-2935257	-2892866
11.0212519169	-2935264	-2893005
11.071254015	-2935261	-2893137
11.1212561131	-2935241	-2893226
11.1712501049	-2935211	-2893311
11.221257925	-2935182	-2893384
11.271253109	-2935152	-2893458
11.3212819099	-2935125	-2893514
11.3712511063	-2935101	-2893561
11.4213490486	-2935076	-2893605
11.4712901115	-2935046	-2893651
11.5212790966	-2935020	-2893686
11.5712730885	-2934994	-2893721
11.6212790012	-2934967	-2893757
11.6712770462	-2934937	-2893797
11.7212810516	-2934910	-2893831
11.7712759972	-2934880	-2893864
11.8212759495	-2934851	-2893899
11.8712649345	-2934816	-2893938
11.9212810993	-2934787	-2893971
11.9712641239	-2934758	-2894004
12.0212581158	-2934729	-2894035
12.0712430477	-2934692	-2894075
12.1212589741	-2934662	-2894106
12.1712579727	-2934632	-2894138
12.2212619781	-2934600	-2894169
12.2712650299	-2934559	-2894208
12.3212599754	-2934525	-2894241
12.3712580204	-2934490	-2894274
12.4212601185	-2934454	-2894307
12.4712920189	-2934411	-2894345
12.5212609768	-2934375	-2894378
12.5712640285	-2934339	-2894409
12.6212589741	-2934305	-2894440
12.6712610722	-2934265	-2894475
12.7212629318	-2934228	-2894507
12.7712569237	-2934193	-2894540
12.8212819099	-2934157	-2894572
12.871243	-2934115	-2894610
12.9212589264	-2934076	-2894643
12.9714450836	-2934040	-2894678
13.0212829113	-2934001	-2894713
13.071283102	-2933957	-2894754
13.1212759018	-2933916	-2894790
13.1711750031	-2933878	-2894826
13.2211830616	-2933838	-2894863
13.2712030411	-2933803	-2894921
13.3212680817	-2933854	-2894996
13.3712780476	-2933947	-2895090
13.4212880135	-2934055	-2895206
13.4713320732	-2934182	-2895363
13.521294117	-2934290	-2895514
13.571283102	-2934408	-2895676
13.6212899685	-2934546	-2895848
13.6712930202	-2934720	-2896056
13.7212369442	-2934880	-2896241
13.7712950706	-2935046	-2896431
13.8212859631	-2935211	-2896623
13.8712799549	-2935412	-2896855
13.9212379456	-2935585	-2897056
13.9712231159	-2935756	-2897252
14.0212600231	-2935932	-2897457
14.071295023	-2936139	-2897697
14.1212410927	-2936315	-2897902
14.1713209152	-2936497	-2898108
14.2212760448	-2936678	-2898317
14.2712709904	-2936884	-2898560
14.3212480545	-2937066	-2898771
14.3712160587	-2937249	-2898984
14.421243906	-2937434	-2899198
14.4712409973	-2937647	-2899446
14.5213301182	-2937832	-2899661
14.5712859631	-2938018	-2899878
14.621243	-2938190	-2900082
14.6712939739	-2938351	-2900305
14.7212769985	-2938397	-2900477
14.7712850571	-2938400	-2900636
14.8212869167	-2938396	-2900764
14.8712890148	-2938371	-2900888
14.9212729931	-2938341	-2900983
14.971173048	-2938313	-2901061
15.0211598873	-2938287	-2901133
15.0712020397	-2938255	-2901207
15.1212821007	-2938227	-2901265
15.1712760925	-2938200	-2901317
15.2212820053	-2938172	-2901368
15.2712779045	-2938140	-2901423
15.3212809563	-2938114	-2901469
15.3712809086	-2938085	-2901513
15.4212789536	-2938057	-2901557
15.4712560177	-2938023	-2901608
15.5212678909	-2937995	-2901652
15.5713119507	-2937968	-2901694
15.6212780476	-2937939	-2901737
15.6712861061	-2937903	-2901785
15.7212820053	-2937874	-2901826
15.7712779045	-2937844	-2901865
15.8212919235	-2937813	-2901905
15.8712749481	-2937775	-2901951
15.9212779999	-2937742	-2901991
15.9712889194	-2937709	-2902029
16.0212829113	-2937675	-2902070
16.0712749958	-2937637	-2902114
16.121284008	-2937602	-2902152
16.1712810993	-2937567	-2902191
16.2212789059	-2937533	-2902230
16.27125597	-2937494	-2902273
16.321283102	-2937458	-2902311
16.3712739944	-2937421	-2902348
16.421284914	-2937385	-2902387
16.4712779522	-2937342	-2902429
16.521281004	-2937306	-2902467
16.5712759495	-2937270	-2902506
16.6213080883	-2937287	-2902579
16.6712760925	-2937394	-2902683
16.7212851048	-2937504	-2902797
16.7712609768	-2937619	-2902927
16.8213040829	-2937733	-2903078
16.8712759018	-2937880	-2903266
16.9212710857	-2938020	-2903432
16.9712760448	-2938173	-2903607
17.021269083	-2938333	-2903790
17.0712549686	-2938518	-2904007
17.121229887	-2938684	-2904203
17.1712539196	-2938853	-2904400
17.221255064	-2939024	-2904601
17.2712540627	-2939221	-2904839
17.3212530613	-2939396	-2905048
17.3712580204	-2939573	-2905260
17.4212560654	-2939747	-2905467
17.471257925	-2939952	-2905717
17.52125597	-2940125	-2905928
17.5712549686	-2940298	-2906139
17.6212530136	-2940474	-2906353
17.6712930202	-2940682	-2906603
17.7212510109	-2940855	-2906809
17.7712519169	-2941035	-2907021
17.8212549686	-2941215	-2907232
17.8712530136	-2941426	-2907477
17.9212560654	-2941599	-2907683
17.9712769985	-2941775	-2907894
18.0212800503	-2941953	-2908107
18.0712790489	-2942157	-2908350
18.1212799549	-2942335	-2908563
18.1712810993	-2942511	-2908774
18.2212688923	-2942689	-2908989
18.2712769508	-2942895	-2909232
18.321269989	-2943071	-2909445
18.371254921	-2943245	-2909657
18.4212529659	-2943415	-2909864
18.4712510109	-2943620	-2910105
18.5212509632	-2943796	-2910313
18.5712549686	-2943968	-2910518
18.6212229729	-2944144	-2910724
18.671241045	-2944352	-2910968
18.7213060856	-2944527	-2911173
18.77125597	-2944705	-2911384
18.8212609291	-2944879	-2911594
18.8712780476	-2945082	-2911838
18.921282053	-2945258	-2912048
18.9712750912	-2945434	-2912258
19.0212750435	-2945610	-2912468
19.0712840557	-2945814	-2912712
19.1212739944	-2945993	-2912925
19.1712760925	-2946171	-2913132
19.2212738991	-2946336	-2913331
19.2712581158	-2946514	-2913554
19.3212580681	-2946657	-2913680
19.3712770939	-2946787	-2913718
19.4212579727	-2946903	-2913717
19.4712951183	-2947007	-2913688
19.5212609768	-2947092	-2913643
19.5712749958	-2947173	-2913589
19.6212830544	-2947249	-2913532
19.6712739468	-2947333	-2913467
19.7212879658	-2947405	-2913403
19.771310091	-2947476	-2913339
19.8212718964	-2947546	-2913270
19.8712749481	-2947626	-2913185
19.9212760925	-2947712	-2913133
19.9712729454	-2947809	-2913174
20.0212759972	-2947915	-2913263
20.0712759495	-2948058	-2913395
20.1212730408	-2948194	-2913511
20.1712739468	-2948340	-2913625
20.2212750912	-2948494	-2913742
20.2712609768	-2948685	-2913901
20.3212690353	-2948855	-2914052
20.3712780476	-2949030	-2914212
20.4212710857	-2949215	-2914380
20.4712769985	-2949436	-2914583
20.5212750435	-2949620	-2914761
20.5712769032	-2949809	-2914944
20.6212730408	-2950002	-2915132
20.6712839603	-2950227	-2915348
20.7212750912	-2950423	-2915539
20.7712769508	-2950621	-2915735
20.8213090897	-2950821	-2915933
20.8712930679	-2951050	-2916161
20.921282053	-2951245	-2916356
20.9712779522	-2951443	-2916552
21.0212728977	-2951637	-2916747
21.0712790489	-2951868	-2916976
21.1212830544	-2952066	-2917173
21.1712810993	-2952262	-2917366
21.2212729454	-2952465	-2917566
21.2712790966	-2952698	-2917798
21.3212800026	-2952896	-2917999
21.3712821007	-2953089	-2918196
21.4212710857	-2953289	-2918396
21.471280098	-2953523	-2918630
21.5212440491	-2953714	-2918821
21.5712780952	-2953898	-2919008
21.6212630272	-2954046	-2919187
21.6712939739	-2954105	-2919369
21.7212669849	-2954114	-2919506
21.7712800503	-2954105	-2919608
21.8212759495	-2954077	-2919693
21.8712909222	-2954038	-2919780
21.9212770462	-2954008	-2919844
21.9712789059	-2953984	-2919898
22.0212728977	-2953959	-2919945
22.0712909698	-2953930	-2919997
22.1212739944	-2953906	-2920035
22.1712470055	-2953882	-2920071
22.2212738991	-2953856	-2920105
22.2712709904	-2953826	-2920145
22.3212718964	-2953799	-2920177
22.3712389469	-2953770	-2920207
22.4212739468	-2953740	-2920238
22.4712328911	-2953706	-2920275
22.5212509632	-2953676	-2920308
22.5712299347	-2953645	-2920339
22.6212511063	-2953612	-2920372
22.6712779999	-2953573	-2920410
22.7212738991	-2953540	-2920443
22.7712779045	-2953506	-2920476
22.8212709427	-2953471	-2920509
22.8712379932	-2953428	-2920548
22.9213140011	-2953391	-2920581
22.9712879658	-2953353	-2920615
23.021271944	-2953315	-2920647
23.0712850094	-2953268	-2920685
23.1212921143	-2953228	-2920718
23.1712749004	-2953187	-2920750
23.2212629318	-2953146	-2920783
23.2712929249	-2953097	-2920821
23.3212859631	-2953056	-2920853
23.3712790012	-2953016	-2920886
23.4212710857	-2952975	-2920918
23.4712779522	-2952927	-2920956
23.5212790966	-2952887	-2920987
23.5712749958	-2952847	-2921018
23.621268034	-2952805	-2921049
23.6712760925	-2952757	-2921085
23.7212870121	-2952716	-2921117
23.7712728977	-2952676	-2921150
23.8212800026	-2952633	-2921183
23.8712580204	-2952583	-2921220
23.9212880135	-2952539	-2921254
23.9713099003	-2952496	-2921288
24.0212650299	-2952451	-2921321
24.0712769032	-2952399	-2921360
24.1212880611	-2952353	-2921393
24.1712739468	-2952307	-2921426
24.2212700844	-2952263	-2921461
24.2712779045	-2952280	-2921539
24.3212869167	-2952368	-2921622
24.3712770939	-2952467	-2921723
24.4212839603	-2952576	-2921845
24.4712769985	-2952700	-2922008
24.5212829113	-2952813	-2922157
24.5712759495	-2952945	-2922322
24.6212821007	-2953088	-2922492
24.6712760925	-2953268	-2922696
24.7212810516	-2953427	-2922874
24.7712759972	-2953594	-2923059
24.8212809563	-2953767	-2923251
24.8712749481	-2953970	-2923474
24.9212830067	-2954148	-2923670
24.9712789059	-2954326	-2923873
25.0213079453	-2954500	-2924076
25.0712749958	-2954687	-2924304
25.1212730408	-2954843	-2924488
25.1712760925	-2954986	-2924588
25.2212560177	-2955116	-2924613
25.2712678909	-2955243	-2924608
25.3212299347	-2955331	-2924576
25.3712570667	-2955439	-2924575
25.4212450981	-2955553	-2924645
25.4712519646	-2955704	-2924750
25.5212569237	-2955851	-2924851
25.5712530613	-2956006	-2924965
25.6212689877	-2956171	-2925099
25.6712589264	-2956373	-2925275
25.721255064	-2956552	-2925432
25.771253109	-2956737	-2925599
25.8212189674	-2956924	-2925775
25.8712511063	-2957145	-2925977
25.921284914	-2957341	-2926159
25.9712760448	-2957536	-2926343
26.0212860107	-2957730	-2926527
26.07132411	-2957957	-2926742
26.1212830544	-2958156	-2926929
26.1712760925	-2958355	-2927121
26.2212820053	-2958549	-2927312
26.2712759972	-2958783	-2927543
26.3212430477	-2958983	-2927742
26.3712260723	-2959176	-2927937
26.4212388992	-2959371	-2928138
26.4712769985	-2959601	-2928369
26.5213220119	-2959796	-2928565
26.5712940693	-2959994	-2928767
26.621284008	-2960192	-2928966
26.6712749004	-2960425	-2929198
26.7212810516	-2960622	-2929391
26.7712769508	-2960818	-2929590
26.8212840557	-2961013	-2929787
26.8712770939	-2961239	-2930014
26.9212830067	-2961438	-2930211
26.9712769985	-2961635	-2930410
27.0212759972	-2961833	-2930611
27.0712740421	-2962064	-2930841
27.121311903	-2962263	-2931043
27.1712760925	-2962460	-2931243
27.2212870121	-2962652	-2931441
27.2712769508	-2962884	-2931675
27.3212819099	-2963082	-2931877
27.3712749481	-2963280	-2932079
27.4212810993	-2963476	-2932276
27.4712519646	-2963711	-2932508
27.5212430954	-2963910	-2932707
27.5712819099	-2964102	-2932903
27.6212799549	-2964298	-2933101
27.6712760925	-2964530	-2933332
27.7212860584	-2964725	-2933529
27.7712740898	-2964923	-2933729
27.8212900162	-2965123	-2933932
27.8712759018	-2965354	-2934162
27.9212789536	-2965551	-2934364
27.971280098	-2965747	-2934565
28.0212910175	-2965943	-2934764
28.0712718964	-2966172	-2934996
28.1212759018	-2966370	-2935197
28.1713049412	-2966567	-2935399
28.2212851048	-2966767	-2935597
28.2712769508	-2966990	-2935819
28.3212840557	-2967168	-2935999
28.3712759018	-2967333	-2936165
28.4212830067	-2967457	-2936315
28.471282959	-2967502	-2936476
28.5212790966	-2967502	-2936595
28.5712740421	-2967493	-2936684
28.6212809086	-2967465	-2936761
28.6712779999	-2967428	-2936843
28.7212591171	-2967402	-2936898
28.7712519169	-2967378	-2936948
28.8212621212	-2967350	-2936993
28.8712649345	-2967323	-2937041
28.9212648869	-2967297	-2937079
28.9712519646	-2967269	-2937117
29.021253109	-2967242	-2937154
29.071254015	-2967207	-2937195
29.1212530136	-2967175	-2937231
29.1712779999	-2967143	-2937267
29.2213459015	-2967109	-2937302
29.271294117	-2967070	-2937344
29.3213059902	-2967033	-2937379
29.3713018894	-2966997	-2937415
29.4212999344	-2966959	-2937452
29.4712998867	-2966916	-2937493
29.5212600231	-2966874	-2937528
29.5712499619	-2966834	-2937563
29.6212580204	-2966795	-2937599
29.6712501049	-2966750	-2937639
29.7212619781	-2966710	-2937672
29.7712519169	-2966671	-2937705
29.8212850094	-2966631	-2937740
29.8712730408	-2966584	-2937779
29.9212779999	-2966543	-2937811
29.9712760448	-2966505	-2937843
30.0213029385	-2966466	-2937875
30.0712931156	-2966420	-2937913
30.1213009357	-2966380	-2937944
30.1712999344	-2966339	-2937979
30.2212920189	-2966299	-2938013
30.2713289261	-2966250	-2938055
30.3213019371	-2966206	-2938091
30.3712940216	-2966164	-2938127
30.4212889671	-2966121	-2938163
30.4712901115	-2966070	-2938204
30.5212790966	-2966027	-2938239
30.5712769032	-2965984	-2938273
30.6212749481	-2965942	-2938307
30.6712720394	-2965892	-2938345
30.7212610245	-2965849	-2938378
30.7712750435	-2965805	-2938410
30.8212931156	-2965760	-2938443
30.8712821007	-2965720	-2938491
30.9212760925	-2965761	-2938564
30.9712569714	-2965851	-2938648
31.0212600231	-2965956	-2938755
31.0712521076	-2966084	-2938902
31.1212530136	-2966190	-2939042
31.1712539196	-2966312	-2939197
31.2212290764	-2966449	-2939359
31.2712659836	-2966622	-2939555
31.3213210106	-2966783	-2939734
31.3712489605	-2966949	-2939919
31.4212129116	-2967118	-2940110
31.4712491035	-2967315	-2940334
31.5212419033	-2967488	-2940534
31.5712320805	-2967662	-2940737
31.6212520599	-2967834	-2940938
31.6712319851	-2968039	-2941180
31.7212309837	-2968216	-2941389
31.7712318897	-2968392	-2941598
31.8212339878	-2968572	-2941806
31.8712739944	-2968779	-2942048
31.9212388992	-2968954	-2942252
31.9712328911	-2969134	-2942462
32.0212380886	-2969315	-2942671
32.0712308884	-2969524	-2942911
32.1212329865	-2969708	-2943124
32.1712319851	-2969891	-2943337
32.2212328911	-2970078	-2943551
32.2712318897	-2970290	-2943795
32.3212749958	-2970471	-2944010
32.3713049889	-2970652	-2944222
32.4212799072	-2970834	-2944436
32.4712860584	-2971045	-2944683
32.5212800503	-2971227	-2944897
32.5712749958	-2971408	-2945109
32.6212770939	-2971590	-2945316
32.6712930202	-2971805	-2945562
32.7212779522	-2971986	-2945772
32.7712960243	-2972162	-2945978
32.8212649822	-2972344	-2946186
32.8712739944	-2972560	-2946434
32.9212789536	-2972739	-2946641
32.9712929726	-2972924	-2946855
33.0212769508	-2973109	-2947069
33.0712749958	-2973323	-2947315
33.1212770939	-2973508	-2947526
33.1712760925	-2973688	-2947739
33.2212641239	-2973870	-2947954
33.2712790966	-2974079	-2948198
33.3212690353	-2974262	-2948408
33.3712770939	-2974445	-2948617
33.4212710857	-2974623	-2948826
33.4712738991	-2974838	-2949071
33.5212700367	-2975022	-2949280
33.5713000298	-2975203	-2949490
33.6212759018	-2975381	-2949698
33.671282053	-2975595	-2949946
33.7212650776	-2975780	-2950159
33.7712800503	-2975961	-2950369
33.8212621212	-2976145	-2950583
33.8712790012	-2976362	-2950832
33.9212830067	-2976531	-2951031
33.9712750912	-2976692	-2951220
34.021281004	-2976839	-2951322
34.0712769032	-2976990	-2951344
34.1212799549	-2977097	-2951341
34.1712770462	-2977183	-2951314
34.2212779522	-2977266	-2951272
34.2712779045	-2977354	-2951214
34.3212769032	-2977424	-2951161
34.3712809086	-2977493	-2951101
34.421284914	-2977561	-2951038
34.4713039398	-2977642	-2950959
34.5212769508	-2977710	-2950889
34.5712730885	-2977775	-2950818
34.621284008	-2977840	-2950743
34.6712899208	-2977917	-2950653
34.721282959	-2978002	-2950619
34.7713088989	-2978097	-2950678
34.8212749958	-2978205	-2950781
34.8712759018	-2978347	-2950918
34.9212799072	-2978482	-2951040
34.9712760448	-2978627	-2951156
35.0212769508	-2978784	-2951272
35.0712759495	-2978976	-2951422
35.1212780476	-2979150	-2951567
35.1712770462	-2979328	-2951722
35.2212839127	-2979509	-2951882
35.2712759972	-2979732	-2952081
35.3212869167	-2979921	-2952255
35.3712770939	-2980106	-2952427
35.4212779999	-2980299	-2952609
35.4712769985	-2980527	-2952825
35.5213110447	-2980721	-2953008
35.5712740421	-2980917	-2953196
35.6212739944	-2981115	-2953386
35.6712760925	-2981347	-2953611
35.7212479115	-2981539	-2953799
35.7712769508	-2981732	-2953994
35.821283102	-2981926	-2954190
35.8712921143	-2982153	-2954418
35.9212770462	-2982350	-2954614
35.9712700844	-2982548	-2954808
36.021312952	-2982748	-2955005
36.0712790489	-2982979	-2955230
36.1212899685	-2983169	-2955416
36.1712770462	-2983346	-2955591
36.221280098	-2983510	-2955752
36.2712800503	-2983650	-2955930
36.3212850094	-2983719	-2956067
36.3712780476	-2983810	-2956139
36.4212970734	-2983899	-2956149
36.4712769985	-2983976	-2956141
36.5212950706	-2984035	-2956109
36.5713059902	-2984102	-2956064
36.6212809086	-2984162	-2956018
36.6712648869	-2984230	-2955968
36.7212710381	-2984289	-2955917
36.771271944	-2984349	-2955865
36.8212630749	-2984408	-2955811
36.8712530136	-2984477	-2955741
36.9212539196	-2984538	-2955676
36.9712710381	-2984597	-2955609
37.0212590694	-2984657	-2955539
37.0712819099	-2984729	-2955451
37.121284008	-2984788	-2955374
37.1712710857	-2984852	-2955293
37.2212669849	-2984915	-2955211
37.2712700367	-2984989	-2955113
37.3212981224	-2985054	-2955025
37.3712859154	-2985119	-2954934
37.4212839603	-2985186	-2954843
37.4712779522	-2985263	-2954738
37.5212700367	-2985332	-2954643
37.571254015	-2985402	-2954549
37.6213579178	-2985473	-2954452
37.6712830067	-2985556	-2954335
37.721298933	-2985645	-2954252
37.7712979317	-2985744	-2954274
37.8212969303	-2985855	-2954362
37.8712589741	-2986003	-2954498
37.9212779999	-2986137	-2954620
37.9712970257	-2986280	-2954742
38.0213010311	-2986428	-2954859
38.0712959766	-2986609	-2954992
38.1212980747	-2986775	-2955113
38.1713271141	-2986948	-2955250
38.2212979794	-2987123	-2955399
38.2712678909	-2987330	-2955582
38.321269989	-2987515	-2955748
38.3712689877	-2987704	-2955922
38.4212889671	-2987891	-2956096
38.4712760448	-2988112	-2956307
38.5212841034	-2988304	-2956493
38.5712749958	-2988495	-2956675
38.6212809086	-2988689	-2956865
38.6713049412	-2988917	-2957088
38.7212440968	-2989109	-2957278
38.7712740898	-2989309	-2957475
38.8212819099	-2989505	-2957669
38.8712759018	-2989729	-2957892
38.9212949276	-2989926	-2958085
38.9712839127	-2990123	-2958278
39.0212740898	-2990320	-2958473
39.0712759495	-2990546	-2958693
39.1212780476	-2990746	-2958889
39.1712760925	-2990947	-2959084
39.2212910652	-2991141	-2959277
39.2712790966	-2991371	-2959507
39.3212780952	-2991564	-2959701
39.3712759018	-2991743	-2959881
39.4212770462	-2991894	-2960052
39.4712750912	-2991966	-2960235
39.5212759972	-2991981	-2960368
39.5712280273	-2991972	-2960470
39.6212580204	-2991946	-2960560
39.6712629795	-2991910	-2960650
39.7213311195	-2991894	-2960722
39.7712481022	-2991941	-2960814
39.8212840557	-2992029	-2960921
39.8712871075	-2992138	-2961071
39.9212639332	-2992246	-2961222
39.9712281227	-2992373	-2961384
40.0212669373	-2992510	-2961548
40.0713429451	-2992660	-2961734
40.1212561131	-2992761	-2961883
40.1712698936	-2992782	-2962014
40.2212889194	-2992782	-2962133
40.2712841034	-2992762	-2962239
40.3212649822	-2992730	-2962319
40.371270895	-2992697	-2962388
40.4212470055	-2992666	-2962449
40.4712541103	-2992630	-2962510
40.5212829113	-2992605	-2962566
40.5712718964	-2992644	-2962648
40.6212689877	-2992728	-2962746
40.6712770462	-2992833	-2962887
40.7212810516	-2992929	-2963032
40.7713010311	-2993046	-2963190
40.82132411	-2993181	-2963355
40.8712909222	-2993349	-2963556
40.9212920666	-2993504	-2963740
40.9712879658	-2993665	-2963928
41.0212869644	-2993829	-2964118
41.0712890625	-2994030	-2964342
41.1212871075	-2994205	-2964538
41.1712579727	-2994373	-2964735
41.2213189602	-2994545	-2964936
41.2712728977	-2994750	-2965174
41.3212161064	-2994923	-2965374
41.3712630272	-2995103	-2965582
41.4212350845	-2995282	-2965790
41.4712400436	-2995492	-2966033
41.5212340355	-2995675	-2966242
41.5712490082	-2995856	-2966452
41.6212639809	-2996035	-2966661
41.67126894	-2996241	-2966904
41.721255064	-2996422	-2967116
41.7712569237	-2996602	-2967325
41.8212881088	-2996778	-2967528
41.8712720871	-2996972	-2967755
41.9212830067	-2997130	-2967932
41.971280098	-2997270	-2968019
42.0212678909	-2997399	-2968037
42.0712709427	-2997515	-2968027
42.121270895	-2997592	-2967993
42.1712710857	-2997672	-2967943
42.2212738991	-2997743	-2967892
42.2712919712	-2997820	-2967830
42.3212709427	-2997888	-2967772
42.371270895	-2997978	-2967763
42.4212830067	-2998077	-2967835
42.4712920189	-2998214	-2967950
42.521269083	-2998353	-2968056
42.571269989	-2998502	-2968157
42.6212649345	-2998657	-2968271
42.6712610722	-2998855	-2968429
42.7212629318	-2999026	-2968576
42.7712759972	-2999198	-2968730
42.8212981224	-2999377	-2968897
42.8713018894	-2999593	-2969098
42.9212520123	-2999780	-2969275
42.9712491035	-2999967	-2969455
43.021228075	-3000156	-2969639
43.0712549686	-3000384	-2969860
43.121243	-3000574	-2970047
43.171257019	-3000766	-2970241
43.2212879658	-3000957	-2970437
43.2712891102	-3001179	-2970660
43.3212881088	-3001376	-2970853
43.3712921143	-3001572	-2971047
43.4212930202	-3001770	-2971244
43.4712519646	-3002000	-2971470
43.5212550163	-3002200	-2971664
43.571269989	-3002398	-2971861
43.6213109493	-3002591	-2972056
43.6712770462	-3002827	-2972290
43.7212429047	-3003027	-2972489
43.7712819576	-3003225	-2972687
43.8212659359	-3003426	-2972890
43.8712790012	-3003664	-2973124
43.9212949276	-3003863	-2973323
43.9712760448	-3004061	-2973525
44.0213000774	-3004261	-2973727
44.0712890625	-3004491	-2973955
44.1212699413	-3004693	-2974154
44.1712770462	-3004893	-2974355
44.2212688923	-3005093	-2974554
44.2712640762	-3005327	-2974783
44.3212718964	-3005528	-2974979
44.3712759018	-3005726	-2975181
44.4213209152	-3005925	-2975380
44.4712920189	-3006157	-2975611
44.5212879181	-3006356	-2975811
44.5712900162	-3006556	-2976011
44.6212830544	-3006754	-2976211
44.6712760925	-3006989	-2976444
44.7212769985	-3007186	-2976645
44.7712850571	-3007368	-2976833
44.8212990761	-3007540	-2977012
44.8712909222	-3007730	-2977215
44.9212770462	-3007909	-2977384
44.9713079929	-3008083	-2977563
45.0212659836	-3008261	-2977748
45.0712659359	-3008475	-2977961
45.121270895	-3008662	-2978150
45.1712739468	-3008847	-2978341
45.2213099003	-3009035	-2978537
45.271253109	-3009253	-2978761
45.3212690353	-3009444	-2978958
45.3712749481	-3009636	-2979156
45.4212698936	-3009824	-2979351
45.4712738991	-3010051	-2979584
45.5212669373	-3010244	-2979782
45.5712769032	-3010432	-2979980
45.6213231087	-3010622	-2980178
45.6712739468	-3010849	-2980409
45.7212769985	-3011045	-2980607
45.7712750435	-3011235	-2980802
45.8212659359	-3011431	-2981003
45.8712649345	-3011662	-2981234
45.9212501049	-3011856	-2981430
45.9712970257	-3012049	-2981630
46.0213389397	-3012244	-2981831
46.0712919235	-3012470	-2982064
46.1212871075	-3012666	-2982265
46.1712939739	-3012863	-2982468
46.2212870121	-3013059	-2982670
46.2712929249	-3013287	-2982905
46.3212881088	-3013483	-2983108
46.3712921143	-3013676	-2983311
46.4213070869	-3013867	-2983507
46.471282959	-3014097	-2983740
46.5212669373	-3014294	-2983941
46.5712740421	-3014486	-2984137
46.6212730408	-3014685	-2984339
46.671241045	-3014919	-2984573
46.7212710381	-3015114	-2984773
46.7712759972	-3015308	-2984975
46.8212990761	-3015504	-2985178
46.8712749481	-3015736	-2985416
46.9212679863	-3015930	-2985616
46.9712719917	-3016128	-2985820
47.0212860107	-3016326	-2986024
47.0713040829	-3016553	-2986259
47.1212689877	-3016748	-2986463
47.1712770462	-3016940	-2986664
47.2213189602	-3017135	-2986863
47.2712800503	-3017360	-2987093
47.3212549686	-3017555	-2987294
47.3712239265	-3017751	-2987493
47.4212551117	-3017945	-2987691
47.4712359905	-3018177	-2987926
47.5212540627	-3018371	-2988128
47.571254015	-3018561	-2988326
47.621284008	-3018756	-2988528
47.6712520123	-3018980	-2988761
47.7212519646	-3019154	-2988942
47.77125597	-3019323	-2989094
47.8212559223	-3019481	-2989156
47.8712780476	-3019638	-2989161
47.9212770462	-3019743	-2989147
47.9712750912	-3019845	-2989121
48.0212659836	-3019961	-2989153
48.0712730885	-3020102	-2989246
48.1212949753	-3020243	-2989346
48.1712779999	-3020401	-2989456
48.2212650776	-3020564	-2989581
48.2712759972	-3020760	-2989745
48.3212749958	-3020915	-2989875
48.3712770939	-3021041	-2989996
48.4212760925	-3021099	-2990101
48.4712760448	-3021109	-2990200
48.5212728977	-3021109	-2990241
48.5712759495	-3021134	-2990238
48.6212699413	-3021156	-2990224
48.6712749004	-3021187	-2990187
48.7212700844	-3021202	-2990165
48.7712759972	-3021192	-2990167
48.8212339878	-3021191	-2990167
48.8712749481	-3021208	-2990149
48.9212610722	-3021226	-2990128
48.9712851048	-3021253	-2990096
49.0212759972	-3021282	-2990059
49.0712749958	-3021317	-2990016
49.1212880611	-3021348	-2989977
49.1713070869	-3021384	-2989936
49.2212209702	-3021421	-2989892
49.2712800503	-3021472	-2989836
49.3212599754	-3021519	-2989785
49.3712749481	-3021567	-2989729
49.4212720394	-3021619	-2989673
49.4712769985	-3021682	-2989598
49.521271944	-3021739	-2989529
49.5712459087	-3021798	-2989457
49.621311903	-3021858	-2989381
49.6712749004	-3021929	-2989290
49.7212560177	-3021991	-2989211
49.7712800503	-3022052	-2989129
49.8212730885	-3022117	-2989044
49.8712749481	-3022189	-2988946
49.9212729931	-3022256	-2988858
49.9712760448	-3022324	-2988770
50.0212919712	-3022391	-2988679
50.0712759495	-3022466	-2988573
50.1212720871	-3022528	-2988481
50.1712510586	-3022594	-2988391
50.2213029861	-3022682	-2988365
50.2712669373	-3022797	-2988448
50.3212759495	-3022914	-2988558
50.3712520599	-3023041	-2988676
50.4213130474	-3023179	-2988797
50.4712479115	-3023350	-2988931
50.5212728977	-3023506	-2989043
50.5712709427	-3023674	-2989168
50.6212599277	-3023850	-2989307
50.6712710857	-3024058	-2989484
50.7212700844	-3024246	-2989644
50.7712540627	-3024438	-2989810
50.8213140965	-3024630	-2989980
50.8712530136	-3024849	-2990183
50.9212679863	-3025041	-2990364
50.9712769985	-3025235	-2990548
51.0212728977	-3025431	-2990730
51.0712668896	-3025657	-2990944
51.1212730408	-3025856	-2991135
51.1712670326	-3026055	-2991326
51.2212998867	-3026250	-2991516
51.271296978	-3026478	-2991744
51.3212769032	-3026675	-2991941
51.3712780476	-3026872	-2992133
51.4212749004	-3027072	-2992329
51.4712769985	-3027310	-2992563
51.5212779045	-3027509	-2992760
51.5712940693	-3027714	-2992961
51.6212930679	-3027917	-2993157
51.6712939739	-3028148	-2993385
51.7212738991	-3028349	-2993584
51.7712850571	-3028551	-2993780
51.8212668896	-3028754	-2993977
51.8713130951	-3028987	-2994203
51.9212949276	-3029192	-2994406
51.9712901115	-3029396	-2994604
52.0213220119	-3029594	-2994801
52.0712640285	-3029828	-2995035
52.1212670803	-3030032	-2995236
52.1712698936	-3030232	-2995433
52.2212669849	-3030434	-2995632
52.2712380886	-3030674	-2995870
52.3212459087	-3030878	-2996071
52.3712320328	-3031078	-2996266
52.421282053	-3031276	-2996463
52.4712729454	-3031510	-2996694
52.5212740898	-3031707	-2996888
52.5712840557	-3031906	-2997081
52.6212821007	-3032106	-2997278
52.67126894	-3032338	-2997506
52.7212719917	-3032541	-2997705
52.7712869644	-3032741	-2997903
52.8212931156	-3032938	-2998101
52.8712739944	-3033167	-2998332
52.9212720394	-3033367	-2998529
52.9712820053	-3033568	-2998728
53.0212709904	-3033765	-2998925
53.0712749958	-3034003	-2999162
53.1212730408	-3034204	-2999361
53.1712799072	-3034400	-2999555
53.2212359905	-3034598	-2999754
53.2712790966	-3034831	-2999986
53.3212969303	-3035029	-3000182
53.3713059425	-3035228	-3000378
53.4212739468	-3035430	-3000578
53.4712738991	-3035667	-3000813
53.5212759972	-3035866	-3001010
53.5712769032	-3036066	-3001212
53.6213030815	-3036266	-3001412
53.6712670326	-3036500	-3001646
53.7212851048	-3036703	-3001846
53.7712779045	-3036906	-3002050
53.8212630749	-3037110	-3002254
53.8712790012	-3037347	-3002489
53.9212749004	-3037550	-3002689
53.971280098	-3037749	-3002889
54.0212979317	-3037947	-3003088
54.0712800026	-3038184	-3003321
54.1212689877	-3038379	-3003513
54.1712830067	-3038558	-3003691
54.221296072	-3038688	-3003864
54.2712979317	-3038740	-3004053
54.3212969303	-3038745	-3004182
54.3712930679	-3038726	-3004283
54.4213190079	-3038692	-3004377
54.4712929726	-3038650	-3004469
54.5212960243	-3038628	-3004528
54.5712981224	-3038630	-3004561
54.6213040352	-3038651	-3004561
54.671284914	-3038646	-3004573
54.7213048935	-3038626	-3004585
54.771294117	-3038613	-3004599
54.8213000298	-3038593	-3004621
54.871297121	-3038565	-3004652
54.9212999344	-3038544	-3004677
54.9712951183	-3038521	-3004704
55.0213060379	-3038497	-3004731
55.071295023	-3038470	-3004766
55.1212830544	-3038446	-3004797
55.171298027	-3038420	-3004827
55.2212910652	-3038392	-3004858
55.2712759972	-3038359	-3004895
55.3212659359	-3038331	-3004929
55.3712759018	-3038302	-3004962
55.4212749004	-3038273	-3004996
55.4713060856	-3038237	-3005035
55.5212850571	-3038207	-3005069
55.5712749958	-3038176	-3005103
55.6212949753	-3038143	-3005137
55.6712760925	-3038104	-3005177
55.7212810516	-3038068	-3005212
55.7712779045	-3038033	-3005248
55.8212659359	-3038002	-3005292
55.8712759018	-3038055	-3005379
55.9212830067	-3038149	-3005471
55.9712619781	-3038257	-3005584
56.0212841034	-3038359	-3005712
56.0712680817	-3038446	-3005855
56.1212630272	-3038501	-3005971
56.1712720394	-3038509	-3006063
56.2212660313	-3038506	-3006146
56.2712790966	-3038479	-3006219
56.321242094	-3038449	-3006277
56.3712670803	-3038418	-3006325
56.421282053	-3038386	-3006369
56.4712109566	-3038351	-3006415
56.5213038921	-3038320	-3006451
56.5713040829	-3038291	-3006485
56.6212570667	-3038260	-3006518
56.6711959839	-3038226	-3006555
56.7212131023	-3038196	-3006587
56.7712481022	-3038166	-3006618
56.8212850094	-3038134	-3006648
56.8713049889	-3038095	-3006686
56.9212601185	-3038060	-3006718
56.971298933	-3038026	-3006748
57.0212600231	-3037989	-3006779
57.0712759495	-3037946	-3006815
57.1212620735	-3037909	-3006845
57.1712839603	-3037871	-3006876
57.2212750912	-3037831	-3006906
57.2712910175	-3037783	-3006942
57.3212599754	-3037746	-3006979
57.3712639809	-3037773	-3007050
57.4212589264	-3037860	-3007133
57.4712650776	-3037978	-3007262
57.5212631226	-3038086	-3007392
57.5713069439	-3038194	-3007537
57.6212420464	-3038317	-3007692
57.6712639332	-3038484	-3007889
57.7212619781	-3038639	-3008063
57.7712769508	-3038799	-3008241
57.8212621212	-3038967	-3008427
57.8712649345	-3039163	-3008652
57.9212629795	-3039329	-3008847
57.9712750912	-3039499	-3009047
58.0212669373	-3039674	-3009247
58.0712759495	-3039876	-3009482
58.1212630272	-3040052	-3009687
58.1712639332	-3040231	-3009891
58.2212591171	-3040413	-3010097
58.2712709904	-3040623	-3010337
58.3213059902	-3040801	-3010545
58.3712759018	-3040981	-3010757
58.4211978912	-3041161	-3010965
58.4712650776	-3041376	-3011216
58.5212631226	-3041560	-3011429
58.5712769032	-3041740	-3011640
58.6212921143	-3041926	-3011856
58.6712610722	-3042143	-3012107
58.7212619781	-3042323	-3012315
58.7712769508	-3042505	-3012526
58.8212039471	-3042689	-3012739
58.8712759018	-3042904	-3012987
58.9212620258	-3043087	-3013195
58.9712769985	-3043273	-3013407
59.0212569237	-3043461	-3013623
59.071269989	-3043679	-3013871
59.1212658882	-3043866	-3014087
59.1712710857	-3044037	-3014293
59.2212049961	-3044198	-3014487
59.2712631226	-3044377	-3014616
59.3212599754	-3044514	-3014648
59.3712739944	-3044623	-3014645
59.4212601185	-3044713	-3014616
59.4712500572	-3044819	-3014564
59.5212600231	-3044900	-3014516
59.5712659359	-3044994	-3014504
59.6212389469	-3045100	-3014576
59.671282053	-3045244	-3014685
59.7212600708	-3045384	-3014783
59.7712678909	-3045536	-3014888
59.8212308884	-3045697	-3015015
59.8712699413	-3045893	-3015181
59.9212610722	-3046071	-3015333
59.9712629318	-3046255	-3015494
60.0212171078	-3046443	-3015661
60.0712759495	-3046663	-3015863
60.1212739944	-3046859	-3016043
60.1712739468	-3047054	-3016224
60.2212729454	-3047243	-3016403
60.2712769508	-3047471	-3016624
60.3212749958	-3047666	-3016815
60.3712739944	-3047862	-3017006
60.4212291241	-3048059	-3017199
60.4712789059	-3048292	-3017429
60.5212869644	-3048488	-3017620
60.5712730885	-3048686	-3017815
60.6212658882	-3048882	-3018011
60.6713080406	-3049108	-3018237
60.7212769985	-3049306	-3018434
60.7712759972	-3049504	-3018627
60.8212409019	-3049701	-3018820
60.8712670803	-3049930	-3019043
60.9212529659	-3050128	-3019236
60.9713048935	-3050325	-3019428
61.0212800503	-3050514	-3019614
61.0712759495	-3050744	-3019841
61.1212630272	-3050940	-3020033
61.1713070869	-3051134	-3020223
61.2213020325	-3051331	-3020418
61.2712841034	-3051561	-3020646
61.3212780952	-3051758	-3020841
61.371284008	-3051948	-3021030
61.4212799072	-3052142	-3021224
61.4712910652	-3052371	-3021453
61.5212850571	-3052564	-3021644
61.5712680817	-3052762	-3021839
61.621284008	-3052959	-3022031
61.6712789536	-3053190	-3022257
61.7212920189	-3053388	-3022450
61.7712900639	-3053585	-3022643
61.8212790489	-3053780	-3022837
61.8712770939	-3054009	-3023061
61.9212779999	-3054210	-3023258
61.971280098	-3054410	-3023454
62.0213139057	-3054607	-3023650
62.0712869167	-3054841	-3023881
62.1212799549	-3055042	-3024080
62.171282053	-3055235	-3024274
62.2212839127	-3055433	-3024472
62.271271944	-3055668	-3024707
62.3212630749	-3055864	-3024901
62.3712480068	-3056065	-3025099
62.4212169647	-3056266	-3025295
62.4712789059	-3056500	-3025524
62.521281004	-3056699	-3025720
62.5712769032	-3056895	-3025915
62.6212759018	-3057095	-3026112
62.67126894	-3057325	-3026338
62.7212769985	-3057526	-3026536
62.7713289261	-3057725	-3026733
62.8212211132	-3057922	-3026929
62.8712749481	-3058149	-3027155
62.92126894	-3058329	-3027333
62.9712779522	-3058493	-3027497
63.0212769508	-3058628	-3027651
63.0712780952	-3058711	-3027811
63.1212809086	-3058797	-3027903
63.1712779999	-3058874	-3027915
63.2212219238	-3058938	-3027912
63.2712678909	-3058993	-3027877
63.3212890625	-3059054	-3027829
63.3712799549	-3059110	-3027777
63.4212560654	-3059164	-3027727
63.4712738991	-3059229	-3027667
63.5213088989	-3059286	-3027611
63.5712780952	-3059345	-3027552
63.6212320328	-3059404	-3027490
63.6712779999	-3059476	-3027411
63.7212820053	-3059537	-3027341
63.7712769508	-3059597	-3027267
63.8212940693	-3059657	-3027191
63.8712739944	-3059726	-3027096
63.9212739468	-3059784	-3027013
63.9712738991	-3059842	-3026926
64.021310091	-3059903	-3026838
64.0712630749	-3059970	-3026736
64.121297121	-3060028	-3026646
64.1712930202	-3060086	-3026558
64.2212970257	-3060144	-3026467
64.2712991238	-3060214	-3026363
64.3212859631	-3060273	-3026273
64.3712940216	-3060331	-3026184
64.4212200642	-3060390	-3026096
64.4712789059	-3060468	-3025998
64.5212819576	-3060556	-3026002
64.5712881088	-3060650	-3026081
64.6212580204	-3060763	-3026190
64.671282053	-3060912	-3026332
64.7212901115	-3061049	-3026451
64.7712850571	-3061197	-3026568
64.8213140965	-3061354	-3026691
64.8712670803	-3061543	-3026856
64.921257019	-3061711	-3027014
64.9712700844	-3061888	-3027179
65.0212540627	-3062071	-3027349
65.0712780952	-3062288	-3027555
65.1213030815	-3062478	-3027737
65.1712739468	-3062673	-3027927
65.2212040424	-3062866	-3028115
65.2712728977	-3063093	-3028336
65.3212640285	-3063287	-3028527
65.3712780476	-3063480	-3028715
65.4213030338	-3063679	-3028908
65.4712789059	-3063912	-3029131
65.5212368965	-3064108	-3029321
65.5712850094	-3064311	-3029518
65.6212089062	-3064513	-3029713
65.6712739468	-3064746	-3029940
65.7212660313	-3064944	-3030137
65.7712728977	-3065146	-3030336
65.8212749958	-3065350	-3030534
65.8713040352	-3065585	-3030763
65.9212620258	-3065790	-3030964
65.9712738991	-3065995	-3031165
66.021214962	-3066201	-3031365
66.0712749958	-3066432	-3031591
66.1212410927	-3066634	-3031789
66.1712779999	-3066837	-3031987
66.2212629318	-3067037	-3032181
66.2712790966	-3067275	-3032411
66.3212769032	-3067479	-3032609
66.3712670803	-3067681	-3032806
66.4212388992	-3067884	-3033005
66.4712729454	-3068120	-3033238
66.521271944	-3068318	-3033434
66.5712649822	-3068523	-3033634
66.6212739944	-3068728	-3033834
66.6712760925	-3068963	-3034065
66.7212760448	-3069170	-3034269
66.7712740898	-3069375	-3034469
66.8212399483	-3069577	-3034667
66.8712739944	-3069806	-3034894
66.9213049412	-3070009	-3035092
66.9712700844	-3070212	-3035290
67.0213060379	-3070411	-3035482
67.0712819099	-3070648	-3035715
67.1212940216	-3070853	-3035914
67.1712839603	-3071052	-3036110
67.2212810516	-3071252	-3036308
67.2712979317	-3071487	-3036541
67.3212780952	-3071678	-3036729
67.3712739944	-3071856	-3036901
67.4212698936	-3072029	-3036998
67.4712738991	-3072209	-3037035
67.5212759972	-3072330	-3037028
67.5712759495	-3072432	-3036994
67.6212010384	-3072530	-3036944
67.6712770462	-3072627	-3036879
67.7212729454	-3072705	-3036824
67.7712750435	-3072776	-3036761
67.8212730885	-3072846	-3036694
67.8712759018	-3072923	-3036612
67.9212660789	-3072989	-3036536
67.9713020325	-3073053	-3036458
68.0211811066	-3073114	-3036378
68.0712668896	-3073188	-3036282
68.1212720871	-3073250	-3036199
68.1712739468	-3073312	-3036114
68.2212641239	-3073373	-3036027
68.2712750435	-3073446	-3035925
68.3212740421	-3073508	-3035841
68.3712770939	-3073571	-3035753
68.4211881161	-3073657	-3035700
68.4712738991	-3073765	-3035759
68.5212650299	-3073854	-3035831
68.5712740421	-3073936	-3035861
68.6212749481	-3073970	-3035885
68.6712749004	-3073969	-3035925
68.7212769985	-3073982	-3035997
68.7712750435	-3074016	-3036088
68.8212349415	-3074077	-3036188
68.8712749481	-3074192	-3036334
68.9212729931	-3074299	-3036460
68.9712779522	-3074400	-3036578
69.0213050842	-3074456	-3036685
69.0712640285	-3074461	-3036789
69.1212739944	-3074454	-3036854
69.1712880135	-3074428	-3036906
69.2212541103	-3074400	-3036959
69.2712740898	-3074377	-3037002
69.3212718964	-3074385	-3037058
69.3712759018	-3074454	-3037134
69.4212779999	-3074534	-3037236
69.4712729454	-3074654	-3037388
69.5212678909	-3074779	-3037534
69.5712740421	-3074919	-3037692
69.6212580204	-3075066	-3037856
69.671284914	-3075253	-3038062
69.7212619781	-3075409	-3038235
69.771294117	-3075555	-3038393
69.8212549686	-3075695	-3038506
69.871254921	-3075838	-3038546
69.9212529659	-3075936	-3038543
69.9712779522	-3076014	-3038509
70.0213530064	-3076110	-3038479
70.071283102	-3076228	-3038533
70.1212940216	-3076345	-3038614
70.1713171005	-3076486	-3038704
70.2212910652	-3076629	-3038803
70.2713119984	-3076778	-3038916
70.3212869167	-3076848	-3039013
70.3712980747	-3076865	-3039096
70.4212760925	-3076859	-3039160
70.4712839127	-3076822	-3039219
70.521281004	-3076783	-3039271
70.5713090897	-3076754	-3039309
70.6212890148	-3076731	-3039341
70.6712760925	-3076707	-3039375
70.7212769985	-3076706	-3039418
70.7712790966	-3076771	-3039481
70.8212039471	-3076852	-3039572
70.8712739944	-3076971	-3039716
70.9212839603	-3077093	-3039855
70.9712839127	-3077231	-3040010
71.0212728977	-3077378	-3040179
71.0713129044	-3077555	-3040387
71.1212670803	-3077708	-3040569
71.1712810993	-3077849	-3040740
71.2212450504	-3077984	-3040877
71.2712728977	-3078125	-3040928
71.3212308884	-3078234	-3040929
71.3712821007	-3078319	-3040905
71.4212749004	-3078410	-3040875
71.4712820053	-3078538	-3040920
71.5212759972	-3078651	-3040994
71.5712749958	-3078755	-3041045
71.6212809086	-3078837	-3041099
71.6712779999	-3078857	-3041158
71.7212700844	-3078850	-3041199
71.7712759972	-3078821	-3041225
71.8212759495	-3078787	-3041261
71.8712799549	-3078753	-3041291
71.9212760925	-3078734	-3041309
71.9712820053	-3078732	-3041309
72.0211861134	-3078776	-3041287
72.0712659359	-3078852	-3041335
72.1213059425	-3078934	-3041407
72.1712660789	-3079045	-3041511
72.2212660313	-3079167	-3041632
72.2712569237	-3079306	-3041771
72.321283102	-3079424	-3041881
72.3712210655	-3079519	-3041982
72.4211931229	-3079558	-3042081
72.4712600708	-3079670	-3042217
72.5212519169	-3079772	-3042338
72.5712480545	-3079889	-3042486
72.6212770939	-3080026	-3042647
72.6712760925	-3080207	-3042844
72.7212769985	-3080364	-3043016
72.7712469101	-3080509	-3043183
72.821242094	-3080649	-3043328
72.871229887	-3080793	-3043397
72.9212810993	-3080904	-3043405
72.9712250233	-3080986	-3043385
73.0212779045	-3081070	-3043349
73.0712549686	-3081194	-3043376
73.1212759018	-3081303	-3043448
73.1712839603	-3081407	-3043501
73.2212300301	-3081497	-3043559
73.2712659836	-3081530	-3043626
73.3212690353	-3081530	-3043685
73.3712859154	-3081568	-3043756
73.4212770462	-3081623	-3043853
73.4712769985	-3081689	-3043971
73.5212790966	-3081733	-3044065
73.5712730885	-3081740	-3044142
73.621268034	-3081736	-3044208
73.6712749004	-3081714	-3044261
73.7212710381	-3081692	-3044303
73.7712769508	-3081690	-3044317
73.8212759495	-3081716	-3044297
73.8712739944	-3081760	-3044251
73.9212679863	-3081810	-3044203
73.9712760448	-3081882	-3044208
74.0212619305	-3081966	-3044254
74.0712749958	-3082068	-3044314
74.1212759018	-3082154	-3044366
74.1712749004	-3082210	-3044423
74.2213070393	-3082224	-3044487
74.2712759972	-3082223	-3044542
74.3212850094	-3082207	-3044578
74.3712749481	-3082178	-3044611
74.4212749004	-3082150	-3044638
74.4712769985	-3082124	-3044661
74.5212740898	-3082104	-3044674
74.5712769032	-3082100	-3044675
74.6212639809	-3082123	-3044655
74.6712760925	-3082209	-3044668
74.7212650776	-3082291	-3044715
74.7712750435	-3082388	-3044801
74.8212680817	-3082505	-3044912
74.8712770939	-3082634	-3045049
74.9212269783	-3082733	-3045163
74.9712750912	-3082820	-3045266
75.0212779045	-3082906	-3045303
75.0712981224	-3082980	-3045331
75.121243	-3082995	-3045367
75.1712770462	-3082998	-3045372
75.2212760448	-3083031	-3045360
75.2713088989	-3083035	-3045357
75.3212749958	-3083027	-3045377
75.3712780476	-3082995	-3045395
75.4212670326	-3082966	-3045423
75.4712769985	-3082942	-3045437
75.5212540627	-3082957	-3045421
75.5712509155	-3082985	-3045379
75.6212499142	-3083022	-3045333
75.6712510586	-3083091	-3045323
75.7212719917	-3083166	-3045372
75.7712740898	-3083245	-3045429
75.8212270737	-3083322	-3045497
75.8712749481	-3083350	-3045571
75.9212739468	-3083348	-3045627
75.971280098	-3083329	-3045668
76.0212240219	-3083295	-3045704
76.0712780952	-3083253	-3045741
76.1212699413	-3083221	-3045762
76.1712799072	-3083206	-3045768
76.2213060856	-3083219	-3045759
76.2712779045	-3083290	-3045750
76.3212850094	-3083366	-3045799
76.3712749481	-3083463	-3045875
76.4212770462	-3083587	-3045980
76.4712769985	-3083721	-3046119
76.5212779045	-3083835	-3046237
76.5712749958	-3083941	-3046307
76.6212611198	-3084037	-3046323
76.6712779999	-3084126	-3046311
76.721257925	-3084191	-3046277
76.7712779045	-3084246	-3046247
76.8212690353	-3084270	-3046239
76.8712759018	-3084257	-3046276
76.9212710857	-3084237	-3046300
76.9712738991	-3084239	-3046350
77.0212249756	-3084284	-3046424
77.0712769032	-3084358	-3046525
77.1212749481	-3084420	-3046611
77.1712770462	-3084450	-3046685
77.2212750912	-3084450	-3046749
77.2712779045	-3084435	-3046802
77.3212659359	-3084409	-3046840
77.3712599277	-3084382	-3046873
77.4212749004	-3084362	-3046896
77.4712769985	-3084354	-3046907
77.5212669373	-3084364	-3046899
77.5712749958	-3084429	-3046882
77.6212739944	-3084508	-3046923
77.6712749004	-3084615	-3047003
77.7212350368	-3084743	-3047108
77.7712750435	-3084867	-3047224
77.8212680817	-3084981	-3047334
77.8712759018	-3085060	-3047457
77.9212698936	-3085070	-3047547
77.9712641239	-3085066	-3047615
78.0212740898	-3085042	-3047663
78.0712740421	-3085036	-3047742
78.1212639809	-3085103	-3047819
78.1712749004	-3085180	-3047916
78.2212719917	-3085263	-3048013
78.2712779045	-3085367	-3048089
78.3212769032	-3085453	-3048096
78.3712759018	-3085529	-3048086
78.4213070869	-3085586	-3048053
78.4712870121	-3085658	-3048004
78.5212728977	-3085709	-3047963
78.5712749958	-3085774	-3047946
78.6212720871	-3085853	-3047999
78.6712739468	-3085962	-3048076
78.7212769985	-3086053	-3048134
78.7712740898	-3086111	-3048194
78.8212740421	-3086115	-3048250
78.8712770939	-3086113	-3048295
78.9212720394	-3086116	-3048300
78.9712738991	-3086130	-3048297
79.0212740898	-3086129	-3048299
79.0712759495	-3086098	-3048318
79.1212749481	-3086078	-3048337
79.1712760925	-3086055	-3048357
79.2212641239	-3086035	-3048379
79.2712750435	-3086017	-3048399
79.3212790489	-3086002	-3048415
79.3712770939	-3085991	-3048428
79.4212601185	-3085983	-3048441
79.4713060856	-3085980	-3048456
79.5212700367	-3085980	-3048467
79.5712730885	-3085984	-3048491
79.6212630272	-3086049	-3048539
79.6712749004	-3086141	-3048623
79.7212729454	-3086223	-3048707
79.7712759972	-3086305	-3048787
79.8212621212	-3086368	-3048860
79.8712759018	-3086387	-3048936
79.92126894	-3086423	-3048974
79.9712810516	-3086466	-3048956
80.0212640762	-3086504	-3048939
80.0712740421	-3086560	-3048914
80.1212790012	-3086631	-3048953
80.1712720394	-3086712	-3049014
80.221280098	-3086796	-3049087
80.2712790966	-3086869	-3049172
80.3212809563	-3086873	-3049239
80.3712749481	-3086868	-3049294
80.4212779999	-3086848	-3049333
80.471280098	-3086822	-3049375
80.5213069916	-3086823	-3049384
80.5712759495	-3086862	-3049352
80.6212770939	-3086896	-3049318
80.6712789536	-3086953	-3049276
80.7212738991	-3087019	-3049304
80.7712759972	-3087098	-3049361
80.8212580681	-3087178	-3049431
80.8712739944	-3087251	-3049524
80.9212300777	-3087253	-3049595
80.9712769985	-3087251	-3049655
81.0212430954	-3087230	-3049699
81.0712769032	-3087203	-3049751
81.1212670803	-3087201	-3049767
81.1712760925	-3087240	-3049750
81.2212600708	-3087308	-3049785
81.2712759972	-3087399	-3049851
81.3212499619	-3087508	-3049951
81.3712720871	-3087629	-3050075
81.4212141037	-3087745	-3050202
81.4712750912	-3087877	-3050325
81.521239996	-3087983	-3050363
81.5713059902	-3088080	-3050362
81.6212389469	-3088151	-3050336
81.6712810993	-3088236	-3050287
81.7212688923	-3088306	-3050239
81.7712519169	-3088366	-3050193
81.8212339878	-3088403	-3050168
81.8712480068	-3088408	-3050185
81.921216011	-3088461	-3050259
81.9712328911	-3088514	-3050347
82.0212409496	-3088601	-3050444
82.0712349415	-3088735	-3050586
82.1212439537	-3088864	-3050714
82.171241045	-3089014	-3050857
82.2212450504	-3089175	-3051013
82.2712540627	-3089373	-3051201
82.3212440014	-3089552	-3051371
82.3712580204	-3089736	-3051546
82.4212319851	-3089924	-3051725
82.47123909	-3090145	-3051938
82.5212440491	-3090336	-3052125
82.5712559223	-3090527	-3052315
82.6212821007	-3090722	-3052509
82.6712489128	-3090949	-3052731
82.7212469578	-3091148	-3052928
82.77125597	-3091347	-3053124
82.8212139606	-3091545	-3053319
82.8712520599	-3091781	-3053552
82.9212450981	-3091978	-3053749
82.971255064	-3092170	-3053943
83.0212440491	-3092369	-3054139
83.0712549686	-3092603	-3054371
83.1212370396	-3092798	-3054564
83.1712551117	-3092998	-3054762
83.2212688923	-3093199	-3054961
83.2712759972	-3093430	-3055189
83.3212769032	-3093629	-3055391
83.371254921	-3093827	-3055590
83.4212510586	-3094028	-3055792
83.4712510109	-3094260	-3056022
83.5212540627	-3094461	-3056224
83.5712571144	-3094663	-3056427
83.6213209629	-3094867	-3056629
83.6712670326	-3095098	-3056863
83.7212760448	-3095294	-3057062
83.7712709904	-3095494	-3057263
83.8212749958	-3095690	-3057459
83.8712770939	-3095925	-3057693
83.9212770462	-3096124	-3057893
83.9712769985	-3096322	-3058089
84.0212590694	-3096523	-3058292
84.0712749958	-3096756	-3058526
84.1212780476	-3096951	-3058725
84.1712770462	-3097149	-3058925
84.2212760448	-3097351	-3059127
84.2712779045	-3097585	-3059363
84.3212780952	-3097782	-3059563
84.3712739944	-3097985	-3059767
84.4212589264	-3098186	-3059970
84.4712789059	-3098413	-3060202
84.5212769508	-3098608	-3060401
84.5712790489	-3098808	-3060602
84.6212759018	-3099006	-3060801
84.6712920666	-3099235	-3061030
84.7212779522	-3099432	-3061229
84.7712800503	-3099631	-3061428
84.8212630749	-3099826	-3061626
84.8712320328	-3100054	-3061858
84.921227932	-3100251	-3062058
84.9712769985	-3100445	-3062254
85.021269083	-3100643	-3062454
85.0712800026	-3100875	-3062689
85.1212699413	-3101072	-3062888
85.1712679863	-3101273	-3063092
85.221296072	-3101469	-3063291
85.2712759972	-3101696	-3063523
85.3212659359	-3101887	-3063717
85.3712739944	-3102084	-3063916
85.4212610722	-3102282	-3064115
85.4712729454	-3102509	-3064343
85.5212740898	-3102708	-3064544
85.5712780952	-3102906	-3064744
85.6212339401	-3103101	-3064943
85.6712639332	-3103329	-3065178
85.7212719917	-3103516	-3065373
85.7712759972	-3103693	-3065558
85.8212809563	-3103802	-3065727
85.8712699413	-3103838	-3065910
85.9212679863	-3103839	-3066040
85.9712688923	-3103830	-3066140
86.0212790966	-3103828	-3066246
86.0712621212	-3103912	-3066386
86.1212670803	-3104002	-3066514
86.171282053	-3104106	-3066664
86.2212779522	-3104227	-3066827
86.2712669373	-3104392	-3067022
86.3211860657	-3104547	-3067198
86.3712649345	-3104707	-3067381
86.4212789536	-3104872	-3067568
86.4712650776	-3105069	-3067791
86.5212790966	-3105244	-3067991
86.5712881088	-3105422	-3068193
86.6212439537	-3105598	-3068395
86.6712179184	-3105810	-3068635
86.7212660313	-3105993	-3068844
86.7713000774	-3106173	-3069047
86.8212649822	-3106356	-3069255
86.8712871075	-3106568	-3069501
86.921243906	-3106748	-3069707
86.9712719917	-3106934	-3069915
87.0212779045	-3107120	-3070122
87.0712590218	-3107335	-3070363
87.1212799549	-3107522	-3070570
87.1712660789	-3107710	-3070777
87.2212641239	-3107896	-3070982
87.2712790966	-3108106	-3071223
87.3212559223	-3108291	-3071431
87.3712759018	-3108478	-3071640
87.4212729931	-3108660	-3071845
87.4712750912	-3108878	-3072091
87.521271944	-3109064	-3072300
87.5712730885	-3109247	-3072507
87.6212620735	-3109433	-3072717
87.6712720394	-3109646	-3072961
87.7212491035	-3109828	-3073165
87.7712709904	-3110014	-3073371
87.8212900162	-3110202	-3073580
87.8712630272	-3110416	-3073819
87.9212698936	-3110605	-3074028
87.9712719917	-3110795	-3074237
88.0212860107	-3110984	-3074447
88.0712609291	-3111198	-3074689
88.1212480068	-3111383	-3074900
88.1712861061	-3111571	-3075113
88.2212729454	-3111756	-3075319
88.271269083	-3111976	-3075567
88.3212718964	-3112159	-3075776
88.3712749481	-3112325	-3075971
88.4212620258	-3112487	-3076138
88.4712939262	-3112658	-3076217
88.5212678909	-3112781	-3076228
88.5712580681	-3112876	-3076214
88.6212160587	-3112961	-3076175
88.6712291241	-3113061	-3076120
88.7212240696	-3113136	-3076074
88.7712359428	-3113208	-3076025
88.8212149143	-3113280	-3075971
88.8712670803	-3113361	-3075904
88.9211931229	-3113442	-3075853
88.9712491035	-3113539	-3075876
89.0212221146	-3113645	-3075954
89.0712199211	-3113794	-3076070
89.1212220192	-3113938	-3076171
89.1712219715	-3114090	-3076280
89.2212209702	-3114250	-3076412
89.2712318897	-3114441	-3076585
89.3211939335	-3114612	-3076740
89.3712010384	-3114793	-3076906
89.4212210178	-3114980	-3077075
89.4713110924	-3115199	-3077277
89.5212669373	-3115392	-3077460
89.5712299347	-3115589	-3077646
89.6212639809	-3115785	-3077835
89.671241045	-3116010	-3078056
89.721255064	-3116204	-3078249
89.7712841034	-3116403	-3078445
89.8212659359	-3116599	-3078636
89.8712389469	-3116832	-3078867
89.9212939739	-3117034	-3079066
89.971282959	-3117232	-3079262
90.0212650299	-3117432	-3079459
90.0712690353	-3117661	-3079688
90.121268034	-3117854	-3079883
90.1712698936	-3118052	-3080080
90.2212679386	-3118252	-3080276
90.2712728977	-3118480	-3080502
90.3212869167	-3118678	-3080701
90.3712790012	-3118877	-3080901
90.421284914	-3119073	-3081099
90.471257925	-3119296	-3081330
90.52125597	-3119492	-3081530
90.5712819099	-3119689	-3081731
90.6212151051	-3119883	-3081928
90.6712210178	-3120113	-3082166
90.7212200165	-3120310	-3082370
90.7712008953	-3120503	-3082568
90.8212609291	-3120696	-3082768
90.8712348938	-3120919	-3083002
90.9212040901	-3121108	-3083200
90.9712879658	-3121302	-3083399
91.0212209225	-3121499	-3083599
91.0712718964	-3121725	-3083833
91.121270895	-3121921	-3084039
91.1712241173	-3122118	-3084244
91.2212131023	-3122313	-3084448
91.2712080479	-3122534	-3084685
91.3212029934	-3122727	-3084889
91.3712151051	-3122920	-3085092
91.4212119579	-3123107	-3085294
91.4712650776	-3123328	-3085537
91.5212600231	-3123516	-3085742
91.5712859631	-3123703	-3085942
91.6212449074	-3123893	-3086146
91.6712739468	-3124110	-3086382
91.7212429047	-3124297	-3086587
91.7712581158	-3124489	-3086790
91.8212110996	-3124684	-3086998
91.8712029457	-3124906	-3087239
91.9212090969	-3125098	-3087448
91.9712080956	-3125290	-3087656
92.0212419033	-3125479	-3087862
92.0712640285	-3125698	-3088101
92.1211891174	-3125887	-3088307
92.1712710857	-3126080	-3088515
92.2212729454	-3126272	-3088723
92.2712728977	-3126493	-3088963
92.3212769032	-3126686	-3089168
92.3712780476	-3126879	-3089374
92.4212720394	-3127066	-3089575
92.4712750912	-3127284	-3089812
92.5212070942	-3127474	-3090017
92.5712039471	-3127662	-3090217
92.6212658882	-3127853	-3090424
92.6712679863	-3128076	-3090664
92.7212679386	-3128264	-3090869
92.7712669373	-3128455	-3091076
92.8212730885	-3128646	-3091284
92.8712599277	-3128864	-3091522
92.9212079048	-3129055	-3091731
92.9712319374	-3129247	-3091940
93.0212330818	-3129439	-3092147
93.071310997	-3129661	-3092386
93.1212759018	-3129855	-3092592
93.1712870598	-3130049	-3092800
93.2212738991	-3130236	-3093000
93.2712759972	-3130457	-3093239
93.3212809563	-3130647	-3093444
93.3712749481	-3130835	-3093647
93.4212729931	-3131028	-3093854
93.4712760448	-3131251	-3094095
93.5212740898	-3131443	-3094304
93.5712769032	-3131630	-3094507
93.6212720871	-3131821	-3094713
93.6712729931	-3132041	-3094955
93.7212719917	-3132226	-3095159
93.771271944	-3132416	-3095364
93.8212389946	-3132606	-3095566
93.8712210655	-3132826	-3095802
93.9212629795	-3133017	-3096006
93.9712769985	-3133208	-3096210
94.0212271214	-3133398	-3096411
94.0712749958	-3133614	-3096646
94.1212620735	-3133801	-3096850
94.1712629795	-3133991	-3097055
94.2212719917	-3134179	-3097256
94.2712750435	-3134401	-3097496
94.3212718964	-3134590	-3097702
94.3712739944	-3134777	-3097904
94.4212760925	-3134967	-3098111
94.4712738991	-3135186	-3098351
94.5212619305	-3135373	-3098557
94.5712840557	-3135558	-3098755
94.6212689877	-3135749	-3098958
94.6712329388	-3135970	-3099197
94.7212679386	-3136157	-3099396
94.7712750435	-3136349	-3099600
94.8212680817	-3136540	-3099803
94.8712759018	-3136749	-3100033
94.9212589264	-3136914	-3100221
94.9712779522	-3137022	-3100397
95.0212759972	-3137054	-3100556
95.0712749958	-3137056	-3100713
95.1212739944	-3137039	-3100815
95.1713058949	-3137009	-3100907
95.2212319374	-3136979	-3100985
95.2712740898	-3136950	-3101059
95.3212080002	-3136927	-3101115
95.3711969852	-3136903	-3101164
95.4212169647	-3136878	-3101211
95.4712750912	-3136853	-3101263
95.5212678909	-3136829	-3101303
95.5712730885	-3136802	-3101341
95.6212689877	-3136777	-3101378
95.6712760925	-3136745	-3101418
95.7212951183	-3136717	-3101452
95.7712759972	-3136706	-3101502
95.8212690353	-3136771	-3101574
95.8712730408	-3136868	-3101676
95.9212660789	-3136914	-3101762
95.9712789059	-3136938	-3101851
96.021239996	-3136938	-3101919
96.0712649822	-3136928	-3101985
96.1212589741	-3136904	-3102031
96.1712670326	-3136875	-3102078
96.2212951183	-3136849	-3102116
96.2712640762	-3136815	-3102158
96.3212299347	-3136784	-3102192
96.3712620735	-3136755	-3102226
96.4212629795	-3136726	-3102257
96.4712309837	-3136692	-3102293
96.5212650299	-3136662	-3102324
96.571269989	-3136630	-3102354
96.621268034	-3136598	-3102387
96.6712739468	-3136558	-3102422
96.7212710381	-3136525	-3102454
96.7712769508	-3136488	-3102484
96.8212690353	-3136450	-3102515
96.8712780476	-3136405	-3102552
96.9212560654	-3136367	-3102585
96.9712760448	-3136328	-3102617
97.0212659836	-3136286	-3102649
97.0712659359	-3136245	-3102683
97.1212649345	-3136233	-3102693
97.1712770462	-3136259	-3102665
97.2212688923	-3136291	-3102635
97.2712979317	-3136339	-3102589
97.3212668896	-3136394	-3102538
97.3712780476	-3136459	-3102480
97.4212520123	-3136526	-3102421
97.471200943	-3136600	-3102351
97.5212109089	-3136644	-3102312
97.5712559223	-3136645	-3102315
97.621227026	-3136644	-3102318
97.6712219715	-3136626	-3102334
97.7211890221	-3136592	-3102364
97.7712650299	-3136555	-3102397
97.8212509155	-3136518	-3102428
97.8712720871	-3136468	-3102467
97.9212379456	-3136424	-3102499
97.9712750912	-3136382	-3102533
98.0212249756	-3136339	-3102567
98.0712718964	-3136286	-3102607
98.1212279797	-3136241	-3102642
98.171200037	-3136201	-3102675
98.2212090492	-3136177	-3102690
98.2712349892	-3136192	-3102672
98.3212649822	-3136188	-3102673
98.3712589741	-3136162	-3102697
98.4211599827	-3136152	-3102710
98.4712049961	-3136131	-3102731
98.5211470127	-3136101	-3102753
98.5711550713	-3136071	-3102774
98.621158123	-3136042	-3102797
98.6711900234	-3136001	-3102825
98.7211890221	-3135968	-3102850
98.7711749077	-3135934	-3102876
98.8212180138	-3135900	-3102903
98.8712000847	-3135859	-3102935
98.9211280346	-3135823	-3102963
98.9712018967	-3135789	-3102991
99.0212709904	-3135753	-3103019
99.0712959766	-3135710	-3103053
99.1212909222	-3135671	-3103083
99.1712529659	-3135632	-3103113
99.2212920189	-3135592	-3103141
99.2712929249	-3135546	-3103178
99.3212881088	-3135505	-3103209
99.3713259697	-3135465	-3103240
99.4212839603	-3135425	-3103269
99.4712920189	-3135377	-3103304
99.5213029385	-3135335	-3103334
99.5712969303	-3135295	-3103363
99.621295929	-3135255	-3103391
99.671298027	-3135207	-3103425
99.7212100029	-3135167	-3103451
99.7712130547	-3135126	-3103480
99.8211948872	-3135086	-3103509
99.8712990284	-3135040	-3103544
99.9211571217	-3134999	-3103574
99.9711680412	-3134956	-3103603
100.021184921	-3134915	-3103632
100.071192026	-3134865	-3103668
100.121198893	-3134822	-3103698
100.171178102	-3134779	-3103730
100.221189022	-3134735	-3103760
100.271169901	-3134682	-3103798
100.32129693	-3134635	-3103832
100.371292114	-3134588	-3103866
100.421273947	-3134540	-3103898
100.471249104	-3134485	-3103936
100.521189928	-3134439	-3103970
100.571213961	-3134393	-3104003
100.621155024	-3134347	-3104035
100.671212912	-3134296	-3104071
100.721148968	-3134252	-3104101
100.771215916	-3134209	-3104134
100.821162939	-3134167	-3104165
100.871185064	-3134118	-3104198
100.921186924	-3134075	-3104226
100.971275091	-3134035	-3104254
101.02123189	-3133994	-3104282
101.071273088	-3133948	-3104315
101.121264935	-3133908	-3104343
101.171279907	-3133867	-3104372
101.221275091	-3133825	-3104401
101.271220922	-3133778	-3104434
101.32121706	-3133751	-3104449
101.371244907	-3133758	-3104436
101.421217918	-3133826	-3104441
101.471225977	-3133955	-3104503
101.521162987	-3134067	-3104576
101.571172953	-3134180	-3104677
101.621140003	-3134304	-3104800
101.671145916	-3134470	-3104959
101.721174002	-3134607	-3105087
101.771186113	-3134744	-3105208
101.821193933	-3134867	-3105274
101.87126708	-3134995	-3105281
101.921276093	-3135085	-3105265
101.971277952	-3135162	-3105225
102.021266937	-3135240	-3105177
